title,author,link,home,rss,date,timestamp
2013年我看过哪些值得推荐的好书？,罗磊的独立博客,https://luolei.org/books-i-read-in-2013,https://luolei.org,https://luolei.org/feed/,2013-08-19,1376870400.0
使用CSS和DataURI来添加杂色滤镜效果,罗磊的独立博客,https://luolei.org/css-noise-with-data-uri,https://luolei.org,https://luolei.org/feed/,2013-08-18,1376784000.0
淘宝前端智勇大闯关第三季:相关知识点,罗磊的独立博客,https://luolei.org/taobao-front-end-quiz3,https://luolei.org,https://luolei.org/feed/,2013-08-15,1376524800.0
更好的git log,罗磊的独立博客,https://luolei.org/better-git-log,https://luolei.org,https://luolei.org/feed/,2013-08-14,1376438400.0
Nginx反向代理部署Node.js应用配置方法,罗磊的独立博客,https://luolei.org/node-js-nginx-proxy,https://luolei.org,https://luolei.org/feed/,2013-08-13,1376352000.0
【不是影评】我对不起你，小时代,罗磊的独立博客,https://luolei.org/tiny-time-film-review,https://luolei.org,https://luolei.org/feed/,2013-08-10,1376092800.0
我的Sublime Text 2配置,罗磊的独立博客,https://luolei.org/sublime-text-config,https://luolei.org,https://luolei.org/feed/,2013-08-09,1376006400.0
